 

9 .

168 3111111111), 174, 198 111, 201, 202, 203, 224, 256;
ΙΧ, 6, 18, 46, 611111113, 63131 (11 111), 68, 8211111111
111111),89, 118, 119, 121, 122 11113, 132,1341,14314, 149;
Χ, 2, 5, 9, 21 (111111), 30,. 35, 47, 74, 81, 88, 92, 93, 97,
102114, 137 1113, 15011113155, 160, 173, 214, 220, 230, ’
272, 274, 30411113, 310, 322, 33411113, 339, 351, 354,
365 (311 11 111131 ΧΙ, 3,6 11111111 31191111, 24, 30, 37,
38 11111, 58, 62, 85, 100, 118132 11111113, 146 1 111,,
1561651131111111, 165166 (recto 1111) 166 (1111111), 111-
1111111113.1111111Ρ),2051111111111,· XH, 1, 141
01n., 17, 37 11111113, 38111,1.13111 4311111111, 451111, (46),
4711111113(111 1131111Ρ), 48, 59 11111331111, 62111111
(1111 ras. 11111 1Ρ), 73, 771111111,1,81 9211111111 104
furuu (111113. 11111 Ρ), 110, 112 Ι 125 Ι 128 1111111111,Ι
“ ΧΙΙΙ, 19, 65, 105,131, 136142, 154158, 174, 210 11-
91111, 212; XIV, 1111111111119, 131,1361,111
147, 1531111111 (·11 Ρ), 158, 176, 184, 208, 217, 219,
232111)))1131111(111111 Ρ), 249, 293 11, 296 111111, 319
31111111, 1322 XV, 9, 18,27,44, 7811111,88,142, 154
1111111, 166, 168 ,· XVI, 21, 22, 35 1111 om, 43.

Consentiunt P 11 H: I, 106 purpurae, 110 (11), 143
crudus, 1551111111, 1571111111, 158,· II, 107 ,· ΙΙΙ, 19 1111-
‘ 11132),82,125,210 frustra, 224, 255,· IV, 25, 85,· V, 119,
128; VI, 240 (Atque), (266), 41511111111, 635, 64811-
1111), 663,· VII, 80, 87, 91, 105, 144, 154, 1591751111·
111, (218), 235 ; VIII, (34), 37, 40, 44 iuquit, 67, 721111-
rumque, (78 descenderet), 90, 123 11111111113 (dum Ρ),
125, (155), 157, 221111111113, 239, 253, 267 111,· ΙΧ, 15
srue ufieuu e, 26, 33, 132,· Χ, 31 11113, 153, 164, 327(11
31 in 113); ΧΙ, 24, 104’ 113311 (3 alt. 11 113.;) XII, 1, 54

111111111,··ΧΙ,11132,208 111111,·13 XIV, 40 1111111 1(1“ 13 Ρ),

ι1) vide infra pg. 11.
2) cfr. Beer l. l, pg. 15.

 

